config_file: /home/tpp/IBOIS/TTool/assets/config.yml
model_files: 
	modelID (1)/home/tpp/IBOIS/TTool/assets/toolheads/circular_saw_blade_makita_190/model.obj
	modelID (2)/home/tpp/IBOIS/TTool/assets/toolheads/chain_saw_blade_f_250/model.obj
	modelID (3)/home/tpp/IBOIS/TTool/assets/toolheads/auger_drill_bit_20_235/model.obj
	modelID (4)/home/tpp/IBOIS/TTool/assets/toolheads/twist_drill_bit_32_165/model.obj
	modelID (5)/home/tpp/IBOIS/TTool/assets/toolheads/self_feeding_bit_40_90/model.obj
	modelID (6)/home/tpp/IBOIS/TTool/assets/toolheads/self_feeding_bit_50_90/model.obj
	modelID (7)/home/tpp/IBOIS/TTool/assets/toolheads/saber_saw_blade_makita_t/model.obj
	modelID (8)/home/tpp/IBOIS/TTool/assets/toolheads/brad_point_drill_bit_20_150/model.obj
	modelID (9)/home/tpp/IBOIS/TTool/assets/toolheads/spade_drill_bit_25_150/model.obj
objectID: 1
pose: 
	1 0 0 0
	0 0.0348995 -0.999391 0.08
	0 0.999391 0.0348995 1.27
	0 0 0 1
objectID: 1
pose: 
	1 0 0 0
	0 0.0348995 -0.999391 0.08
	0 0.999391 0.0348995 1.27
	0 0 0 1
objectID: 1
pose: 
	1 0 0 0
	0 0.0348995 -0.999391 0.08
	0 0.999391 0.0348995 1.27
	0 0 0 1
objectID: 1
pose: 
	1 0 0 0
	0 0.0348995 -0.999391 0.08
	0 0.999391 0.0348995 1.27
	0 0 0 1
objectID: 1
pose: 
	1 0 0 0
	0 0.0348995 -0.999391 0.08
	0 0.999391 0.0348995 1.27
	0 0 0 1
objectID: 1
pose: 
	1 0 0 0
	0 0.0348995 -0.999391 0.08
	0 0.999391 0.0348995 1.27
	0 0 0 1
objectID: 1
pose: 
	1 0 0 0
	0 0.0348995 -0.999391 0.08
	0 0.999391 0.0348995 1.27
	0 0 0 1
objectID: 1
pose: 
	1 0 0 0
	0 0.0348995 -0.999391 0.08
	0 0.999391 0.0348995 1.27
	0 0 0 1
objectID: 1
pose: 
	1 0 0 0
	0 0.0348995 -0.999391 0.08
	0 0.999391 0.0348995 1.27
	0 0 0 1
objectID: 1
pose: 
	1 0 0 0
	0 0.0348995 -0.999391 0.08
	0 0.999391 0.0348995 1.27
	0 0 0 1
objectID: 1
pose: 
	1 0 0 0
	0 0.0348995 -0.999391 0.08
	0 0.999391 0.0348995 1.27
	0 0 0 1
objectID: 1
pose: 
	1 0 0 0
	0 0.0348995 -0.999391 0.08
	0 0.999391 0.0348995 1.27
	0 0 0 1
objectID: 1
pose: 
	1 0 0 0
	0 0.0348995 -0.999391 0.08
	0 0.999391 0.0348995 1.27
	0 0 0 1
objectID: 1
pose: 
	1 0 0 0
	0 0.0348995 -0.999391 0.08
	0 0.999391 0.0348995 1.27
	0 0 0 1
objectID: 1
pose: 
	1 0 0 0
	0 0.0348995 -0.999391 0.08
	0 0.999391 0.0348995 1.27
	0 0 0 1
objectID: 1
pose: 
	1 0 0 0
	0 0.0348995 -0.999391 0.08
	0 0.999391 0.0348995 1.27
	0 0 0 1
objectID: 1
pose: 
	1 0 0 0
	0 0.0348995 -0.999391 0.08
	0 0.999391 0.0348995 1.27
	0 0 0 1
objectID: 1
pose: 
	1 0 0 0
	0 0.0348995 -0.999391 0.08
	0 0.999391 0.0348995 1.27
	0 0 0 1
objectID: 1
pose: 
	1 0 0 0
	0 0.0348995 -0.999391 0.08
	0 0.999391 0.0348995 1.27
	0 0 0 1
