%YAML:1.0
---
image_width: 1280
image_height: 720
camera_matrix: !!opencv-matrix
   rows: 3
   cols: 3
   dt: d
   data: [ 5.6179718862595769e+02, 0., 6.4349424059711373e+02, 0.,
       5.6146049053435411e+02, 3.4430617832682464e+02, 0., 0., 1. ]
distortion_coefficients: !!opencv-matrix
   rows: 1
   cols: 5
   dt: d
   data: [ -2.4776321654659408e-01, 7.4589742789025762e-02,
       2.0010415733276928e-04, 2.3476155179987635e-04,
       -1.0510058960990047e-02 ]
