%YAML:1.0
---
image_width: 1280
image_height: 720
camera_matrix: !!opencv-matrix
   rows: 3
   cols: 3
   dt: d
   data: [ 5.6160752462847097e+02, 0.,
           6.4138172226013501e+02, 0.,
           5.6291538638344332e+02, 3.4156306804983251e+02,
           0., 0., 1. ]
distortion_coefficients: !!opencv-matrix
   rows: 1
   cols: 5
   dt: d
   data: [ -2.5303888172190003e-01, 8.3509753739103201e-02,
            3.7774747611573724e-05, 2.2045706561633034e-04,
            -1.3650724983076233e-02 ]
