%YAML:1.0
################
# common vars TRACKER
################
alphaForeground: 0.1  # ??
alphaBackground: 0.2  # ??

zn: 1  # ??
zf: 4000  # ??

histOffset: 100  # ??
histRad: 40  # ??
searchRad: 25  # ??

cameraConfigFile: "./live_camera/calibration_orange_B_1280_720_r.yml"

groundTruthPoses: [
  [0.774474, -0.432610, 0.461565, -0.160787, 0.571050, 0.805017, -0.611834, -0.697679, 0.372705, 11.744253, 14.884766, 188.102844],
  [0.899114, -0.233195, -0.370431, 0.419063, 0.21414, 0.882346, -0.126434, -0.948561, 0.290258, 10.8038, 20.7629, 188.825],
  [-0.49464369, 0.47779492, 0.72597826, -0.81523484, 0.034418296, -0.57811087, -0.30120492, -0.87779891, 0.37248972, -67, 6, 211]]
modelFiles: ["./model_drill_scaled/drill_scaled_1000.obj", "./saw_blade_scaled/saw_blade_thin_verythin.obj", "./circular_blade_scaled/circular_blade_scaled.obj"]
frames: ""
cameraID: 2