# frameID    r11	  r12       r13     r21       r22       r23       r31   	r33      tx ty tz
3
-0.408397 -0.274902 0.870426 -0.907418 0.225708 -0.354469 -0.0990186 -0.934604 -0.341629 4.7061 20.5431 177.493
0.899114 -0.233195 -0.370431 0.419063 0.21414 0.882346 -0.126434 -0.948561 0.290258 10.8038 20.7629 188.825
0 -0.190968 -0.139878 0.971579 -0.96657 0.199324 -0.161287 -0.171099 -0.969899 -0.173266 8 48 170
0 -0.190968 -0.139878 0.971579 -0.96657 0.199324 -0.161287 -0.171099 -0.969899 -0.173266 8 48 170