#r11	r12	r13	r21	r22	r23	r31	r32	r33	tx	ty	tz
1
-0.190968 -0.139878 0.971579 -0.96657 0.199324 -0.161287 -0.171099 -0.969899 -0.173266 8 48 170
-0.190968 -0.139878 0.971579 -0.96657 0.199324 -0.161287 -0.171099 -0.969899 -0.173266 8 48 187
-0.154509 -0.130338 0.979356 -0.975528 0.177078 -0.130339 -0.156435 -0.975528 -0.154509 8 56 188
# OTHERS
# OTHERS
# OTHERS
-0.204582 -0.14163 0.968549 -0.947038 0.278845 -0.159263 -0.247519 -0.949835 -0.191176 10.3578 67.8624 221.883
-0.154509 -0.130338 0.979356 -0.975528 0.177078 -0.130339 -0.156435 -0.975528 -0.154509 8 56 188
1.0 0.0 0.0 0.0 0.5 0.8660254 0.0 -0.8660254 0.5 20.0	10	175
0.7071068	-0.7071068	0.0000000	0.7071068	0.7071068	0.0000000	0	0	1.0	80.0	-100	600
