# frameID    r11	  r12       r13     r21       r22       r23       r31   	r33      tx ty tz
3
0.774474 -0.432610 0.461565 -0.160787 0.571050 0.805017 -0.611834 -0.697679 0.372705 11.744253 14.884766 188.102844
0.899114 -0.233195 -0.370431 0.419063 0.21414 0.882346 -0.126434 -0.948561 0.290258 10.8038 20.7629 188.825
-0.49464369 0.47779492 0.72597826 -0.81523484 0.034418296 -0.57811087 -0.30120492 -0.87779891 0.37248972 -67 6 211

-0.2978732 0.30297044 0.90525258 -0.94493777 0.041046884 -0.32466951 -0.13552314 -0.95211613 0.27406159 -39 3 227

-0.408397 -0.274902 0.870426 -0.907418 0.225708 -0.354469 -0.0990186 -0.934604 -0.341629 4.7061 20.5431 177.493
 
 0 0 0 1
0 -0.190968 -0.139878 0.971579 -0.96657 0.199324 -0.161287 -0.171099 -0.969899 -0.173266 8 48 170
0 -0.190968 -0.139878 0.971579 -0.96657 0.199324 -0.161287 -0.171099 -0.969899 -0.173266 8 48 170
