# frameID    r11	  r12       r13     r21       r22       r23       r31   	r33      tx ty tz
3
0.7744742 -0.43261048 0.46156469 -0.16078733 0.57105017 0.80501717 -0.61183429 -0.69767892 0.37270504 12.744253 7.8847651 188.10284
0.899114 -0.233195 -0.370431 0.419063 0.21414 0.882346 -0.126434 -0.948561 0.290258 10.8038 20.7629 188.825
-0.49464369 0.47779492 0.72597826 -0.81523484 0.034418296 -0.57811087 -0.30120492 -0.87779891 0.37248972 -67 6 211