# 08-05-2023 10-24-09
0.774474 -0.43261 0.461565 -0.160787 0.57105 0.805017 -0.611834 -0.697679 0.372705 12.7443 7.88477 188.103
# 08-05-2023 10-24-10
0.774474 -0.43261 0.461565 -0.160787 0.57105 0.805017 -0.611834 -0.697679 0.372705 12.7443 7.88477 188.103
# 08-05-2023 10-24-10
0.774474 -0.43261 0.461565 -0.160787 0.57105 0.805017 -0.611834 -0.697679 0.372705 12.7443 7.88477 188.103
# 08-05-2023 10-24-10
0.774474 -0.43261 0.461565 -0.160787 0.57105 0.805017 -0.611834 -0.697679 0.372705 12.7443 7.88477 188.103
# 08-05-2023 10-24-10
0.774474 -0.43261 0.461565 -0.160787 0.57105 0.805017 -0.611834 -0.697679 0.372705 12.7443 7.88477 188.103
# 08-05-2023 10-24-11
0.774474 -0.43261 0.461565 -0.160787 0.57105 0.805017 -0.611834 -0.697679 0.372705 12.7443 7.88477 188.103
# 08-05-2023 10-24-11
0.774474 -0.43261 0.461565 -0.160787 0.57105 0.805017 -0.611834 -0.697679 0.372705 12.7443 7.88477 188.103
# 08-05-2023 10-24-11
0.774474 -0.43261 0.461565 -0.160787 0.57105 0.805017 -0.611834 -0.697679 0.372705 12.7443 7.88477 188.103
# 08-05-2023 10-24-11
0.774474 -0.43261 0.461565 -0.160787 0.57105 0.805017 -0.611834 -0.697679 0.372705 12.7443 7.88477 188.103
# 08-05-2023 10-24-12
0.774474 -0.43261 0.461565 -0.160787 0.57105 0.805017 -0.611834 -0.697679 0.372705 12.7443 7.88477 188.103
# 08-05-2023 10-24-12
0.774474 -0.43261 0.461565 -0.160787 0.57105 0.805017 -0.611834 -0.697679 0.372705 12.7443 7.88477 188.103
# 08-05-2023 10-24-12
0.774474 -0.43261 0.461565 -0.160787 0.57105 0.805017 -0.611834 -0.697679 0.372705 12.7443 7.88477 188.103
# 08-05-2023 10-24-12
0.774474 -0.43261 0.461565 -0.160787 0.57105 0.805017 -0.611834 -0.697679 0.372705 12.7443 7.88477 188.103
# 08-05-2023 10-24-12
0.774474 -0.43261 0.461565 -0.160787 0.57105 0.805017 -0.611834 -0.697679 0.372705 12.7443 7.88477 188.103
# 08-05-2023 10-24-13
0.774474 -0.43261 0.461565 -0.160787 0.57105 0.805017 -0.611834 -0.697679 0.372705 12.7443 7.88477 188.103
# 08-05-2023 10-41-38
0.915672 -0.238113 0.323812 -0.282565 0.191595 0.939923 -0.285847 -0.952156 0.108156 5.76305 27.1877 187.669
# 08-05-2023 10-45-16
0.89817 -0.177685 0.402149 -0.371743 0.18145 0.910433 -0.234739 -0.967219 0.0969194 3.68114 29.0486 182.019
# 08-05-2023 10-45-17
0.875471 -0.162198 0.455243 -0.430828 0.164846 0.887253 -0.218954 -0.972896 0.0744386 3.28615 28.9511 180.338
# 08-05-2023 10-45-19
0.869261 -0.1617 0.467165 -0.44269 0.166 0.881178 -0.220035 -0.972782 0.0727147 3.32244 28.8914 179.8
# 08-05-2023 10-45-19
0.863467 -0.160833 0.478082 -0.45464 0.16237 0.875753 -0.218475 -0.973539 0.0670798 3.16865 29.3138 180.07
# 08-05-2023 10-45-19
0.859166 -0.159889 0.48608 -0.464069 0.156748 0.871823 -0.215585 -0.974615 0.0604738 3.2093 29.1734 179.453
# 08-05-2023 10-45-19
0.863555 -0.153 0.480487 -0.460872 0.147205 0.875176 -0.204631 -0.977205 0.0566069 2.89355 29.5487 178.481
# 08-05-2023 10-47-41
0.897223 -0.254622 0.360781 -0.300715 0.245982 0.921449 -0.323366 -0.935236 0.144133 5.34616 27.9653 187.751
# 08-05-2023 10-47-42
0.883581 -0.263622 0.387028 -0.325087 0.249566 0.912162 -0.337055 -0.931787 0.134812 5.17406 27.7745 183.374
# 08-05-2023 10-47-45
0.909607 -0.260191 0.323912 -0.264622 0.238224 0.934467 -0.320303 -0.935712 0.147838 5.02657 27.8035 182.66
# 08-05-2023 10-47-46
0.897713 -0.259041 0.356389 -0.297767 0.23948 0.924115 -0.324731 -0.93571 0.137851 5.12978 27.4329 182.162
# 08-05-2023 10-47-46
0.899179 -0.265987 0.347465 -0.284837 0.247022 0.926203 -0.332189 -0.931793 0.146354 5.30119 27.5437 183.254
# 08-05-2023 10-47-46
0.896657 -0.262342 0.356632 -0.296494 0.242395 0.923764 -0.328788 -0.934038 0.139563 5.15376 27.7763 182.69
# 08-05-2023 10-47-46
0.893033 -0.258211 0.368541 -0.312059 0.234714 0.920616 -0.324215 -0.937146 0.129031 5.03026 27.8111 182.051
# 08-05-2023 10-47-46
0.886432 -0.263836 0.380305 -0.319775 0.244956 0.915284 -0.334642 -0.932949 0.132769 5.38179 27.4674 183.015
# 08-05-2023 10-47-47
0.891037 -0.262576 0.370285 -0.310517 0.242443 0.919133 -0.331115 -0.93396 0.134492 5.38407 27.4448 182.655
# 08-05-2023 10-47-47
0.891341 -0.261054 0.370629 -0.312846 0.237473 0.919641 -0.328089 -0.935663 0.13 5.23778 27.7287 182.197
